1.5142681920394921e-06 
0.7231270358306189 
0.024240820904582346 
0.10267328387382739 
0.00022063609385859434 
0.03499951336205351 
0.030557677616501147 
1.0 
0.047901459854014596 
0.0 
0.0508801817149347 
0.06046511627906977 
0.09604627684247864 
0.05063970780436457 
0.6208781198761159 
0.00017412935323383086 
7.373228046808106e-05 
5.490264975874207e-06 
0.1750855000086802 
0.03530394630484243 
0.016148782533191835 
0.0640086113687367 
0.08264128012963338 
0.04900601017105871 
0.0 
0.030586251475465124 
0.06081032628182144 
0.7649219467401286 
0.9122807017543859 
7.313282749794314e-05 
0.9988851727982163 
0.029261143202000173 
0.0958421107674839 
0.00022876097337794172 
0.04373763830863601 
0.0 
0.002478753541076487 
0.7644362969752521 
0.00011054202439294005 
0.029375484093060615 
0.07870948348051741 
2.1921354530935207e-05 
0.06365988437090747 
0.12201494552236636 
0.02432649633292548 
0.7009168971037695 
0.0 
0.09071163322979191 
0.0002454762630032682 
0.5879484959150635 
0.02467865998912763 
0.03757815402822949 
0.029553384809383153 
0.10391137102594436 
0.0 
0.00010691147017526353 
0.04485184873714013 
8.810184573366812e-06 
0.0001432370621123647 
0.11812008655994452 
0.02492589887881782 
6.745817593092283e-05 
0.00014029995162070634 
0.06503585627056742 
0.6151860615186061 
0.00033630401883302503 
0.05653412770366533 
0.11762213758608317 
0.055517399267399264 
0.0 
0.00045934772622875517 
0.04919364195382295 
0.0 
0.06039050591565653 
0.735632183908046 
0.11870957494683526 
0.0 
0.00023532526363783442 
0.0 
0.019355823171743988 
0.032439025547809 
0.06950899171549808 
0.011724161619399823 
0.04861210167460702 
0.043356761106334886 
0.030773464710447007 
0.03438525053726954 
0.0 
0.07586206896551724 
0.030424909026238747 
0.0 
0.04924542715885668 
0.0 
0.04778292897977758 
0.06293566756495407 
0.06212282414364217 
0.03978190269046271 
0.529168580615526 
0.0004202177253089257 
1.4923362483634718e-05 
0.31202542821825885 
0.029099727190057594 
0.08269028092405722 
0.00015115634604726154 
0.054979428167339 
0.022908783760583983 
0.0 
0.00011466081896489945 
7.336797524564515e-06 
0.0 
0.13256174303513266 
0.11576371422744884 
6.487641043811539e-05 
0.13322126944273038 
6.043534221040375e-05 
0.12981756986960427 
0.0 
8.619853677983817e-05 
2.8147209907817887e-05 
0.8065186584789796 
0.14075635653135204 
0.0 
0.0 
0.8448566610455311 
0.04320735252495932 
0.020769628256178 
8.230866664532739e-05 
0.043514437640573604 
0.05470468717158271 
1.3343029267934699e-05 
0.03297917871874104 
8.280811519528914e-05 
0.050156739811912224 
0.051738433475208664 
0.024447100882416327 
5.305321237200913e-05 
0.01674615969727268 
0.00010388390296340124 
0.04176770442219441 
0.000187245880590627 
0.9148936170212766 
0.0 
0.0 
0.6153846153846154 
0.3118992606284658 
0.04921077065923862 
0.10687947557803983 
0.06145795246800731 
0.037464016609994766 
2.9251618241309135e-05 
0.6214070626882015 
0.00023432008123096148 
0.048732651518393316 
0.4676854003387027 
0.029440185114764907 
0.14380284260254253 
0.030702695790766815 
0.061360476822038636 
0.03392172947194652 
0.14561890758590645 
0.08857045286509534 
0.02250261164389153 
0.04102789950014313 
0.09072100085905456 
0.0 
4.0809092732250374e-06 
0.1743564108972757 
6.853256419315312e-05 
0.16813219854326336 
0.000373230742729178 
0.08676291767284934 
0.054956248683631075 
0.08594573634017183 
0.023985951085792608 
0.0 
0.06134941792103114 
9.948269001193792e-05 
0.08294012095434306 
0.6121289849761817 
0.00017640313997589158 
0.09374309086889233 
3.7724909956596496e-05 
0.6111111111111112 
0.05217294157077421 
0.034745892048634076 
0.027736818747942107 
0.05073325406262386 
0.04917795949030599 
0.051664004568006974 
0.11875727413274967 
0.04194698435459001 
0.00021466757487563728 
0.06076773646337793 
0.03429044592192104 
0.083597913330149 
0.03858712176292516 
0.0 
0.06525585930446716 
0.05553443162413843 
0.06461666521482427 
0.0004254640216986651 
0.16672751089827562 
0.056345120859444944 
0.13380994646770034 
0.0 
0.05573099893643132 
0.015820967143864648 
0.9552238805970149 
1.2108540961175982e-05 
0.056871429265617515 
0.047981492852756796 
0.04410289977976764 
0.12482145427568567 
0.0 
0.0003523846956616023 
0.033392873930619536 
1.603801008389884e-05 
0.057765980904727655 
0.8651685393258427 
0.05300456755504999 
0.0 
0.09435630976728761 
0.04794909749065221 
0.13238599386778843 
0.05232357210331083 
0.019059778395877983 
1.2021398088597704e-05 
0.00031761749511896646 
0.03998658329140612 
0.4846954875355002 
0.08403469558578695 
0.038906637558293766 
0.0 
0.13220338983050847 
0.07387593488781347 
0.9425019425019425 
0.14737792991965007 
0.06405503671490696 
0.09277609540581877 
0.13587920523483732 
5.644615037254459e-05 
0.13157922566863017 
0.031057374244325312 
0.31305337430294755 
0.6150526497496979 
0.04844724032905411 
0.06843031450422425 
0.02951092127981124 
0.015091688262314332 
0.6869594145043247 
0.09374050020726821 
0.014471318385901048 
0.047311827956989246 
0.047741574604950356 
0.014418163913713977 
0.0 
0.0 
0.06387239954531512 
0.0 
0.0 
0.013125869600513972 
0.04995709516220913 
0.11756856410436492 
5.95094692043296e-05 
6.152334645358135e-06 
0.09927237609383179 
8.647760500272945e-05 
0.08021844733065528 
5.967966937463167e-05 
0.00038242430636143055 
0.06014557640988359 
0.0 
0.000235186900089665 
0.06173201727112691 
0.0 
0.05743131020737437 
0.01945271620613673 
0.0 
0.03214305871728783 
6.486346241162354e-05 
0.022630618676397412 
0.1390247125677283 
0.00029424205086709456 
1.0 
0.4471181835823792 
0.00022049906287898276 
0.03834322253586036 
0.14226901407147682 
0.13848815888019422 
0.00014267370523612499 
0.060962240074765014 
0.039119804400977995 
0.08985864158006206 
0.8426966292134831 
0.07930834582386297 
0.00010182731541980735 
0.4547069271758437 
0.030727821233087052 
0.7901234567901234 
0.0 
0.0903960029607698 
0.047421325616183646 
0.04372389634885705 
0.04673894725015448 
0.000253829407113081 
0.31285211267605634 
0.6252508666301769 
0.026045375928375216 
0.05910755795906824 
0.08232304507909442 
0.7673339297696264 
0.0 
0.00022105309695388833 
0.6260607719682453 
0.07007233273056059 
0.10516576533749261 
0.0 
0.04809109563307419 
0.10500198569513092 
1.5844313772867802e-05 
0.00022063609385859434 
0.0738354375272094 
0.00012844276435403256 
0.0 
0.0695297825602496 
0.0 
0.031936471727356315 
0.055736367646936416 
0.06376346958767477 
0.0 
0.02424632870950526 
0.05257788303880488 
0.0441450830951968 
0.04477611940298507 
0.15069354737264806 
9.764561402191017e-05 
0.08858249126451978 
0.8847926267281107 
0.04802724622622449 
0.5301645338208409 
0.041590118288728384 
0.6128322639780018 
0.03423600535797049 
0.00014215840889200847 
0.47058823529411764 
0.04402566446224707 
0.03701795115627972 
1.226235207948268e-05 
0.0002324812652792863 
0.09217492324288441 
0.0 
0.05084745762711865 
0.11778868332374094 
0.040550826932392224 
0.03705917596251416 
6.745687578298159e-05 
0.6246851385390428 
0.06546710521601422 
0.048280573901161465 
0.051532754356703285 
7.995522507395858e-05 
0.7142857142857143 
0.09375215931233676 
0.6148422048327458 
0.019680471884041765 
0.06406146437798428 
0.11911633252458179 
0.024240771675284722 
6.486475698169317e-05 
0.0 
0.09288006902502156 
0.005098943790214884 
0.0519510838057515 
0.0003549610476955555 
0.06082753742779677 
2.5353362489700196e-05 
0.04949942317090353 
0.14086065120395294 
0.08367503038868392 
0.018700036636154292 
0.00022085130817591544 
6.19082442435006e-05 
0.048481566459078536 
0.04837835525002139 
0.9985507246376811 
0.10471706081910633 
0.03902691415741964 
0.22268060791426608 
4.620080216142753e-05 
0.00023181014748920633 
9.924868743610866e-06 
1.1627861907511987e-05 
0.06160727167796855 
0.06658112346735101 
0.052739771702604514 
0.0 
0.03460106608004061 
0.10311853989100034 
0.13142027107520926 
0.02729363112956988 
0.10626020333942167 
0.003205128205128205 
0.06127059836109667 
7.000708148555026e-05 
0.16278255788118492 
1.0 
0.000191111829822266 
0.00019111042507368776 
0.0574363656202669 
0.05952301954903184 
0.08320493066255778 
0.0 
0.6153846153846154 
0.13478728351290373 
0.036346587597252844 
0.058029942157196326 
3.230406431277718e-05 
0.05610648639588804 
0.7873254564983888 
0.062080781568970546 
0.7696455653541538 
0.061760650264895856 
0.06374914334466217 
0.034295061623938854 
5.7183624788284434e-05 
0.6214442013129103 
0.043578026586146686 
5.919827323190696e-05 
0.0 
0.06053220725002261 
0.017940791242228565 
0.0 
0.0 
0.06142123694694652 
0.14113491199605677 
0.0 
0.1039933117071766 
0.018311754742698506 
0.0001411698273022446 
0.9427001569858713 
0.09376382131800089 
0.021776693196378347 
3.647039515673152e-05 
0.040690873177730895 
0.03682602364984116 
0.03456141558751347 
0.5920869118402702 
0.9166666666666666 
0.06279118978056124 
0.04940745653239526 
0.022992800379381208 
0.1074971707403107 
0.0348216193121128 
0.10070303102750114 
0.034647364908847504 
0.06487296738326091 
0.03455777079727333 
0.00029748071023519567 
0.13445799566717484 
0.05609384896064734 
0.6258782735651063 
0.06030026530350986 
0.04560810810810811 
0.6259917920656635 
0.06082341127528332 
0.00014998406419317948 
0.0025974025974025974 
0.0 
0.03472545723371073 
0.03319106254935018 
0.045065952337562436 
0.029937068320735127 
0.061318713028423025 
0.043801815542817785 
3.262870860232596e-05 
0.0 
0.08279139996310461 
0.3131117245784947 
0.16529970317645495 
9.598115816033653e-05 
0.014828029609721627 
0.029775440281081554 
0.9987760097919217 
0.09610504248041488 
0.03242807113918835 
0.05158454197480683 
5.949804760035737e-05 
3.0180396460662598e-05 
0.029979320018062826 
0.31296524638078277 
0.14187220421061272 
0.02961609565715645 
0.02972795133366161 
0.022982892109685852 
0.0820550220321013 
0.019515608488275785 
0.051882890370253246 
0.08393602310412766 
0.06786638408722441 
0.6257976298997265 
0.028981007089996378 
0.01982745088919766 
2.4872753255504227e-05 
0.08558256135836725 
0.42762284196547146 
6.483418656785272e-05 
0.0 
0.035390678964690586 
0.042973384319519255 
0.024764432359726068 
0.0 
0.04466674421309759 
0.8269625976161118 
0.019942664838589058 
0.032888149964866366 
0.17535735856653917 
0.17432452312067867 
0.047125026338948175 
0.030444073651239717 
0.060881098454264246 
0.9555555555555556 
0.047597665020206556 
0.04857459568541625 
0.10976603255820601 
0.00011442302191200869 
0.029589656768674734 
0.05190017291962152 
0.08370152184585174 
0.0255444007635982 
0.040467915431798104 
0.11180519210098315 
0.0828760550210389 
0.021324802807208595 
0.0 
0.07088621180005902 
0.03327876763528666 
0.07802505168430013 
0.02544601039661273 
0.0004825446846225811 
6.491852724830338e-05 
0.049921132284605874 
0.7617307911862085 
0.04868316041500399 
0.09615580671811007 
0.0 
0.4119803086977084 
0.0 
0.00027598388254125957 
0.00029390154298310065 
0.06106334366183329 
6.486394786934406e-05 
0.049319359635067055 
0.09138846227963117 
0.040502523991515826 
0.6666666666666666 
0.11866973248836296 
0.04580182437191257 
0.11643410246722169 
0.06917700755954928 
0.08282197272470149 
0.08296816366057377 
0.022457874922329032 
0.0002356970556281879 
5.9233203399985873e-05 
0.041274080422257546 
0.056574822089146194 
0.06252340118535565 
0.04847985247116134 
0.0 
5.3484516232550676e-05 
0.13326174069544294 
0.08269670097521432 
0.09440636745522883 
0.04178854083261162 
0.0 
0.0 
0.05786265378180966 
0.09931587638594008 
0.03316707295960621 
0.03246577076814556 
0.0 
0.10464151233382002 
0.022985450927858007 
1.692882156054714e-05 
0.0 
0.6255809714754397 
0.043751984304063414 
0.06325052825392273 
0.06933601244671425 
5.305321237200913e-05 
0.00021764680276846734 
0.047584310644744963 
0.7581422692533804 
0.099094014555176 
0.04963552389961605 
0.03968812019188763 
0.06680245835868405 
0.057366826702263264 
0.0958183990442055 
0.03582673771846654 
0.02917008321847904 
0.06527087412762966 
0.048266833627411916 
0.09894938555085445 
0.7502439024390244 
0.0 
0.04752361335337453 
0.019943973054789635 
3.375567641411464e-05 
0.06107829584014075 
0.0 
0.06145412579342181 
0.0 
0.0 
0.11571746120810583 
0.0 
0.8333333333333334 
0.067432142814382 
0.0 
0.024064286021228138 
0.051116468629814595 
0.0 
0.06746803209112566 
0.046102867022042936 
0.018323399663065284 
0.0 
0.13069135802469137 
0.034828066125801964 
0.0 
0.0 
0.02988446536034453 
0.8789625360230547 
0.7649774871662508 
0.0 
0.11878720512698047 
0.1585316387236344 
6.146731948112126e-05 
0.622295261572172 
0.09417551766306215 
0.00023879719688828883 
0.061607975328121636 
0.03905124691971433 
0.025439549129419446 
0.054881351172446996 
0.020359618618595768 
0.029167964417050527 
0.0002326832744353795 
0.0 
0.019565988808516448 
0.10353676695778902 
0.029588898750892993 
0.6123832203700311 
0.041195958800761004 
0.00023518344308560678 
0.030559173414760575 
0.09887616454445958 
0.000430619949186846 
0.9748251748251748 
0.043807546662053325 
0.03625249395084264 
0.050850477166074846 
0.025451069422870117 
0.026804980595242587 
7.056761401791506e-05 
0.0 
0.06190553834447524 
0.02226235156074463 
2.851389161156951e-05 
0.1784798273826487 
0.05293890816944857 
0.06036087133766994 
0.030641922304549547 
0.08152031614392098 
0.000161670777670122 
0.053830227743271224 
0.0 
0.0 
0.06082341127528332 
0.0488964333129582 
9.7054761282616e-05 
0.09025954717301729 
0.024064286021228138 
8.605805691664739e-05 
0.06134941792103114 
0.06431173024932413 
0.0613746925880051 
0.10079078740041528 
0.0 
0.044076974395844265 
0.08394447354635935 
0.11079091330551692 
0.030802211567924155 
0.7646724940401862 
0.012132669276097642 
3.0718563793968976e-05 
0.00033631030230559395 
0.0001555678713453704 
7.993924617290859e-05 
0.08373322887082559 
0.037407630073689815 
0.029047074414973766 
0.588712011577424 
0.06178058285786623 
0.0 
0.05985422567336284 
0.018751040729132196 
0.6245434623813002 
0.0 
0.023438249582544413 
0.05497508041426602 
0.05686788487582081 
0.03363038745723815 
0.03245520211467693 
0.02395995265056976 
0.04746352525065248 
0.3370266281162175 
1.0 
0.04072004836223643 
0.06229247639882896 
0.05656005438387054 
0.02781193914400066 
0.03173673621671657 
0.08236616538918777 
0.8620689655172413 
0.019419631419836377 
0.00024024911985658976 
0.08790617348206153 
0.029540559554088425 
0.02911796967028314 
0.021116175329712956 
5.926128528610665e-05 
6.195284911621878e-05 
0.06257138693953908 
0.5998009340785545 
0.045075216954889225 
0.04948149859903521 
0.31291089662889915 
0.08203725299996731 
0.8 
0.0001288197351834301 
0.16653869020014506 
0.04456011151045084 
9.473147271004882e-05 
0.0014104372355430183 
5.1033671059283585e-05 
0.02335784000180602 
0.020913707614897015 
0.04453329498998389 
0.025010871032073292 
0.09460654288240496 
0.3119328319814347 
0.08374803361673737 
0.0 
0.035877670693852746 
6.0719497126907605e-05 
0.09928440353450119 
0.0901836858912893 
1.0 
0.04765127927440097 
0.6122299523983888 
6.801465229938107e-05 
0.0003930924173828178 
0.04921010147601476 
0.7650926479378363 
0.00019231195958490204 
7.777508360821488e-05 
0.02647377461325016 
0.5 
0.02517311823146114 
0.0 
7.544892108042855e-05 
0.0 
6.446685907544606e-05 
0.09710434348477284 
0.0 
0.0002356970556281879 
0.00018589221111635422 
0.0 
1.0 
0.6249315568534404 
0.029600201681256683 
0.054317763832147016 
0.0 
0.030205491735966244 
0.029203678272811028 
0.03101197201064179 
0.022768611258040847 
0.027805526359222035 
0.0002205071664829107 
2.530556469367614e-05 
0.10008521920272702 
0.03113766992062768 
0.08183534525433032 
0.0 
0.49663928304705 
0.01950308113574551 
0.06436450475721163 
0.060338802175777605 
0.10065970847310736 
0.03626341437435092 
0.03037864815015732 
0.14139110604332952 
0.020466919198070692 
0.10209786472113097 
0.0025974025974025974 
0.02498885763617092 
0.08138098165734511 
1.0 
0.5843426883308714 
0.03489659872638596 
0.00018944361866456822 
0.06185104114048381 
0.09940751466438144 
0.14077529620608512 
0.02095188576600518 
0.0661547548730065 
actual weight 13954 
